energy,x,decayTime
40.7500423872, 99.2306445902, 1250.0
13.7909803912, 161.821429791, 3750.0
9.91512725378, 88.5554889899, 6250.0
16.6417999619, 277.212814852, 8750.0
27.3190105821, 217.866662117, 11250.0
23.1236890072, 215.813602922, 13750.0
18.7086281104, 223.544745858, 16250.0
17.1362662122, 207.247467511, 18750.0
36.8445741906, 341.552919708, 21250.0
12.0205814473, 61.2603639024, 23750.0
22.2202285113, 170.49271932, 26250.0
20.4773418755, 323.907626422, 28750.0
20.3587309662, 253.086837681, 31250.0
13.1437763305, 25.6066214787, 33750.0
11.6795655586, 114.964517826, 36250.0
18.1698178782, 209.945006877, 38750.0
17.1525769207, 164.051205994, 41250.0
15.8945429068, 187.182604133, 43750.0
17.4783009168, 251.093462899, 46250.0
16.8658997141, 244.882691609, 48750.0
18.4683873483, 38.3362168882, 51250.0
9.03587402689, 114.483862544, 53750.0
12.1422103791, 314.185890891, 56250.0
19.3569642736, 131.498885353, 58750.0
7.47354694288, 337.236010387, 61250.0
25.7308170167, 14.6399546149, 63750.0
39.0704012105, 275.092734707, 66250.0
10.6495399376, 198.006505614, 68750.0
16.8634090512, 274.334615203, 71250.0
17.3433869449, 96.8516716161, 73750.0
18.7475206752, 83.264942942, 76250.0
23.8990237405, 177.497611621, 78750.0
6.73039803375, 188.789687458, 81250.0
14.8226939378, 199.549979416, 83750.0
6.18847874057, 224.048993143, 86250.0
15.9161428577, 116.759398416, 88750.0
25.7760338293, 256.368102374, 91250.0
3.049820727, 154.131532446, 93750.0
15.3584418646, 324.568585203, 96250.0
28.7536260311, 187.52375867, 98750.0
14.9990598846, 22.8100759129, 101250.0
22.77048407, 129.241185856, 103750.0
30.5146937211, 193.748885046, 106250.0
14.6618397639, 135.765944941, 108750.0
27.0991728393, 141.193181767, 111250.0
20.1280834276, 196.567819613, 113750.0
6.89219228685, 360.239234852, 116250.0
10.463588616, 99.0876540092, 118750.0
5.29643696062, 132.506932239, 121250.0
25.0491799148, 356.105179855, 123750.0
18.4516866331, 338.019802679, 126250.0
18.3245361223, 233.716769398, 128750.0
14.1514026201, 241.839716387, 131250.0
4.71314736388, 160.082977277, 133750.0
23.4878961824, 53.1106512556, 136250.0
19.128013953, 97.1852158424, 138750.0
14.9417925944, 93.2478907635, 141250.0
19.3867370359, 190.634804728, 143750.0
14.2289537777, 47.5682532825, 146250.0
19.7044824138, 53.4258894776, 148750.0
8.49926519657, 254.921732749, 151250.0
32.7740233002, 242.380691486, 153750.0
12.7804002598, 336.19098238, 156250.0
40.569419286, 75.6557946943, 158750.0
28.9121316602, 205.102490855, 161250.0
27.6605300539, 310.494787036, 163750.0
21.785837175, 84.8273050587, 166250.0
10.7492399572, 143.059093484, 168750.0
24.46209141, 29.7311226372, 171250.0
24.8483016877, 179.46884019, 173750.0
13.6960723207, 288.636866353, 176250.0
17.4196250418, 248.194699179, 178750.0
10.9687868726, 228.147167781, 181250.0
15.4498446782, 139.863209004, 183750.0
20.3844292753, 227.607433493, 186250.0
33.1300714378, 215.981270734, 188750.0
7.19583778297, 166.414104484, 191250.0
25.0120909229, 295.017299858, 193750.0
38.564210301, 252.912584294, 196250.0
35.247550393, 137.900912842, 198750.0
21.1032057099, 191.540581269, 201250.0
47.8799205515, 87.7990624197, 203750.0
12.3817952634, 260.042075037, 206250.0
6.9522522398, 76.1135403891, 208750.0
34.005306748, 40.1141389662, 211250.0
5.58664550185, 344.759950361, 213750.0
18.6263400077, 171.597442013, 216250.0
19.298315136, 28.9389628253, 218750.0
37.8262062261, 232.657861359, 221250.0
30.438938986, 179.346610194, 223750.0
24.3739892044, 20.7256431214, 226250.0
19.2513011277, 201.995122272, 228750.0
16.8741734529, 138.93448663, 231250.0
17.4672091709, 105.756453971, 233750.0
13.7181473568, 198.445442389, 236250.0
26.6040734117, 34.48875002, 238750.0
16.5481903675, 335.810113767, 241250.0
26.6959451598, 208.015710589, 243750.0
24.5752425094, 343.983677889, 246250.0
24.1715420034, 221.343915711, 248750.0
18.0405351421, 147.703510398, 251250.0
9.76795700957, 108.411007555, 253750.0
8.24721763433, 48.8047098387, 256250.0
9.90332197666, 84.8333664313, 258750.0
16.0438174473, 319.387003728, 261250.0
19.5306365501, 28.0101349202, 263750.0
26.9298635938, 179.238518798, 266250.0
21.7887208302, 341.81139329, 268750.0
21.0491819833, 356.968614896, 271250.0
10.7508538816, 63.2032425338, 273750.0
43.0535681194, 269.284866137, 276250.0
13.8834585216, 314.425059294, 278750.0
28.0861324414, 226.041823011, 281250.0
16.7272312338, 97.867225501, 283750.0
14.6555137543, 303.851084702, 286250.0
36.8733868648, 119.283014878, 288750.0
19.4399407115, 353.837381523, 291250.0
17.0236594207, 39.47696369, 293750.0
14.0303142947, 73.228203675, 296250.0
26.2835593286, 64.8245777974, 298750.0
9.89050349977, 152.103807749, 301250.0
10.8591284843, 361.116742249, 303750.0
10.6157870726, 285.76119879, 306250.0
23.7111690074, 325.092555928, 308750.0
17.5234368902, 182.768969527, 311250.0
13.6743185221, 77.8695979984, 313750.0
18.4655248113, 183.443883955, 316250.0
24.0482923878, 358.557650208, 318750.0
10.6874156854, 128.713642695, 321250.0
18.4906507836, 270.945284264, 323750.0
10.8268033213, 253.457774549, 326250.0
14.846862048, 21.4190308908, 328750.0
28.791217472, 147.338970399, 331250.0
19.1724101609, 132.902938955, 333750.0
19.788492832, 187.716118506, 336250.0
16.7034386707, 149.277887839, 338750.0
11.4732782848, 43.945836518, 341250.0
15.8977220485, 143.196025405, 343750.0
16.0306785231, 50.2140815768, 346250.0
41.3119450644, 279.960066366, 348750.0
24.4345271235, 70.6810877537, 351250.0
20.6010293673, 24.5699829364, 353750.0
17.4353202216, 309.797442842, 356250.0
11.5553908817, 360.117671329, 358750.0
4.91017648442, 178.843719524, 361250.0
14.6876511103, 26.5018750064, 363750.0
9.94070773241, 282.190395292, 366250.0
18.7853392938, 203.531218358, 368750.0
40.209089349, 154.22751326, 371250.0
40.9839763611, 274.703536299, 373750.0
16.0086475467, 39.6432486677, 376250.0
15.1873011783, 265.003607129, 378750.0
22.9745903073, 147.873854126, 381250.0
13.4604801746, 324.472922625, 383750.0
17.5305598334, 71.1772034846, 386250.0
25.0884420022, 343.139344033, 388750.0
23.7159119963, 240.322735622, 391250.0
24.6991922171, 317.187806681, 393750.0
20.7776808384, 361.297022899, 396250.0
13.3796351942, 247.784037467, 398750.0
15.010844935, 186.012407866, 401250.0
13.4329440527, 164.68842968, 403750.0
36.2683849411, 251.444946565, 406250.0
48.9285191049, 73.1322501474, 408750.0
11.7868461354, 287.761249391, 411250.0
26.5596447145, 300.199863987, 413750.0
13.7689213798, 141.673878472, 416250.0
39.5423597952, 180.724612527, 418750.0
15.883237519, 49.363630953, 421250.0
18.0100642319, 113.144870008, 423750.0
17.10332222, 333.76883952, 426250.0
17.6197890908, 148.233476333, 428750.0
12.3468480256, 32.5268121201, 431250.0
10.5845148637, 227.799809519, 433750.0
33.1189775732, 104.043450444, 436250.0
13.8226615938, 299.044534352, 438750.0
30.1441665971, 15.9465591749, 441250.0
22.9406748754, 141.160420076, 443750.0
20.0399135747, 39.1665101133, 446250.0
5.52177514002, 340.532720653, 448750.0
10.1941700138, 348.961230549, 451250.0
18.0434218381, 229.160775671, 453750.0
23.9928454129, 198.242109389, 456250.0
16.9475089875, 205.966423305, 458750.0
17.8617812528, 319.303624904, 461250.0
18.4834770131, 262.158049831, 463750.0
22.6063470138, 129.2737318, 466250.0
14.009218762, 346.708880255, 468750.0
26.3692571883, 141.173831466, 471250.0
10.506284478, 287.840098357, 473750.0
9.69340662795, 210.067141205, 476250.0
37.4970279887, 343.26395201, 478750.0
30.571449236, 121.44320443, 481250.0
13.4406969245, 287.202845165, 483750.0
20.1228057051, 336.134575756, 486250.0
13.3351807488, 333.430581002, 488750.0
20.7726142925, 133.151319455, 491250.0
19.8781090503, 94.1305225752, 493750.0
22.4973476419, 46.5908132498, 496250.0
15.090388356, 182.601718498, 498750.0
18.7533271631, 33.0923717397, 501250.0
11.1539425601, 292.591830389, 503750.0
12.8667114437, 277.394615921, 506250.0
27.5723659912, 127.470463307, 508750.0
9.29734489486, 286.050579298, 511250.0
24.1032562007, 54.4721307615, 513750.0
18.0624830111, 73.8829803474, 516250.0
26.4674715299, 223.901556701, 518750.0
15.8673854956, 137.073568648, 521250.0
25.020000208, 273.60103666, 523750.0
14.2916646364, 275.84531137, 526250.0
22.9330472807, 276.463829776, 528750.0
16.9964765115, 253.998855261, 531250.0
20.2013583077, 124.222621845, 533750.0
12.9015039627, 191.280516176, 536250.0
33.2077382191, 215.37235359, 538750.0
24.1207924834, 328.556920526, 541250.0
27.9774781123, 47.2298664674, 543750.0
12.1415308422, 139.615524566, 546250.0
13.9482718578, 357.849004257, 548750.0
15.4381442437, 309.661787895, 551250.0
18.2565528051, 335.324707209, 553750.0
20.1032176344, 135.523673731, 556250.0
11.2644630684, 104.107868051, 558750.0
41.6709844246, 148.577811429, 561250.0
31.1730429907, 308.500679783, 563750.0
18.4001408112, 254.146857165, 566250.0
12.6554343164, 192.42163135, 568750.0
23.0009895171, 322.622675762, 571250.0
28.5828823753, 121.16388791, 573750.0
19.8373252463, 320.121291154, 576250.0
25.265219859, 55.6970187745, 578750.0
12.5554261058, 325.710323535, 581250.0
21.1040399234, 30.2111488425, 583750.0
14.8953626443, 131.838314656, 586250.0
16.5259433489, 185.594963736, 588750.0
14.4167837617, 350.514065292, 591250.0
9.87536085224, 17.2623032581, 593750.0
19.7245806842, 127.97015731, 596250.0
8.20322341598, 164.929921243, 598750.0
47.1054489356, 45.3818337817, 601250.0
10.9219679133, 124.764183693, 603750.0
17.8431955144, 234.991808861, 606250.0
2.15062147791, 189.612914711, 608750.0
32.4698888474, 161.637874886, 611250.0
26.579364054, 46.2804112879, 613750.0
7.76301259185, 242.101652354, 616250.0
15.7652535462, 61.4001536244, 618750.0
11.0789875528, 309.876163181, 621250.0
8.46063452732, 81.7314444454, 623750.0
43.7793397308, 137.557392159, 626250.0
24.3867301268, 346.98616925, 628750.0
26.4240478828, 212.105077419, 631250.0
14.597415706, 242.672609832, 633750.0
16.0603631532, 220.921797316, 636250.0
46.7020953492, 136.605633709, 638750.0
20.1074369202, 170.046119469, 641250.0
19.0269621192, 282.882852351, 643750.0
24.4046916634, 139.628468628, 646250.0
9.98267747291, 217.148263922, 648750.0
15.2039725203, 148.295491221, 651250.0
41.1453350933, 120.989400366, 653750.0
37.10425181, 28.9336741136, 656250.0
10.2684559735, 132.325596279, 658750.0
27.1333467976, 37.8915105127, 661250.0
30.7679531155, 152.932965119, 663750.0
13.9493402038, 20.9820802186, 666250.0
24.5663327043, 171.161362793, 668750.0
12.766516077, 308.988230576, 671250.0
14.7706035022, 160.318349195, 673750.0
14.6127594055, 258.057327575, 676250.0
37.7502113682, 276.894150737, 678750.0
28.9782870781, 37.4270437125, 681250.0
10.8215000649, 107.200037053, 683750.0
3.4590990104, 285.74258285, 686250.0
23.6922792117, 82.1731238742, 688750.0
5.93465400999, 110.858854025, 691250.0
4.96982745481, 74.6818912637, 693750.0
7.31439098639, 116.977601582, 696250.0
31.0551882717, 23.484105245, 698750.0
45.2848754723, 134.823857039, 701250.0
18.9975097314, 235.314954507, 703750.0
20.0989413432, 164.702582334, 706250.0
20.0042837779, 277.953998035, 708750.0
30.3698776944, 65.5955034497, 711250.0
39.1488195389, 140.361447765, 713750.0
17.6186442745, 40.5488084767, 716250.0
15.6626093812, 77.1987874426, 718750.0
18.5084344961, 124.673538356, 721250.0
26.8837448573, 111.588113114, 723750.0
16.2029447824, 10.2169026865, 726250.0
18.3082499911, 290.903209526, 728750.0
12.0163725238, 117.882347061, 731250.0
12.7718348488, 60.4041847724, 733750.0
13.4020428171, 342.493311143, 736250.0
13.663232743, 284.447546258, 738750.0
20.2832270685, 297.555099221, 741250.0
14.1839863022, 106.941865024, 743750.0
37.4167531315, 287.778714682, 746250.0
32.0342711468, 221.767224535, 748750.0
24.0460110029, 104.954323868, 751250.0
18.9797637069, 221.877321101, 753750.0
19.2590466085, 216.614589281, 756250.0
15.9369644136, 137.403442879, 758750.0
11.7657510274, 47.0000474167, 761250.0
38.246174495, 39.5928732527, 763750.0
7.57729439104, 289.416598991, 766250.0
35.6572112906, 252.606296478, 768750.0
26.2392023936, 144.368914601, 771250.0
29.9805142521, 225.146288808, 773750.0
24.9219338965, 50.2896412474, 776250.0
44.2866050706, 103.763553256, 778750.0
24.0454204986, 264.4405445, 781250.0
25.1058226277, 232.033752442, 783750.0
8.38059852637, 140.636902132, 786250.0
8.75578681802, 341.261356666, 788750.0
30.1490356826, 237.305925009, 791250.0
12.4505655335, 282.7864467, 793750.0
11.0298890365, 212.774376433, 796250.0
18.0943554642, 270.531169291, 798750.0
23.799403601, 273.974649691, 801250.0
35.8467555692, 217.011828836, 803750.0
33.2008545719, 122.845031034, 806250.0
12.2186170964, 341.056481796, 808750.0
13.2012679975, 172.23862689, 811250.0
14.6109536389, 262.386944829, 813750.0
17.5801131497, 87.2837980806, 816250.0
23.8532175001, 326.99959291, 818750.0
14.164000775, 316.691709443, 821250.0
36.2389110774, 22.8644953661, 823750.0
7.28587944513, 188.434012305, 826250.0
10.1985786312, 19.6304806785, 828750.0
18.7964867302, 63.7820035499, 831250.0
15.7465603673, 230.474422286, 833750.0
11.6789188794, 166.352086226, 836250.0
19.4837276682, 293.246534735, 838750.0
22.093286617, 234.26623678, 841250.0
21.1688144174, 292.365858533, 843750.0
22.5478579701, 45.2796026417, 846250.0
17.7113682889, 76.6536888287, 848750.0
12.9504585967, 282.8417584, 851250.0
13.1231893131, 128.278345094, 853750.0
9.92391893405, 39.5221638144, 856250.0
9.21628178809, 332.445826211, 858750.0
12.5254085758, 206.08718499, 861250.0
17.9540108362, 170.957161792, 863750.0
29.9188540768, 70.7219650541, 866250.0
18.7845671705, 153.193662494, 868750.0
23.7454505291, 235.485438697, 871250.0
15.1962046472, 227.517134994, 873750.0
22.6726927735, 93.5989298688, 876250.0
15.5126378376, 339.728438014, 878750.0
20.5874643485, 169.24892565, 881250.0
2.80901571556, 116.268002319, 883750.0
19.4942689182, 246.787301379, 886250.0
5.53135729649, 202.139949535, 888750.0
34.9726731034, 42.8012786021, 891250.0
12.4341570182, 163.765753884, 893750.0
11.6243372008, 193.364138006, 896250.0
19.7031879767, 123.141255849, 898750.0
22.5554549127, 251.737893099, 901250.0
12.3793509459, 102.186790192, 903750.0
16.2177206445, 172.301433753, 906250.0
17.9551995865, 49.6295030436, 908750.0
7.29816586462, 31.5377636002, 911250.0
24.8015636034, 26.8936816072, 913750.0
16.6810616434, 327.43410174, 916250.0
39.8967713005, 332.07387595, 918750.0
8.58358239056, 160.799759796, 921250.0
25.8363965444, 77.1485701597, 923750.0
35.6825621639, 249.345900449, 926250.0
23.9759906015, 68.0341517953, 928750.0
29.379200455, 152.2174373, 931250.0
11.3439395989, 159.136767338, 933750.0
22.6371594313, 228.458918385, 936250.0
17.808126649, 258.738312334, 938750.0
18.6047505225, 292.15035668, 941250.0
24.0306175141, 272.909992269, 943750.0
40.4344264731, 196.183351112, 946250.0
22.7528972266, 12.3381564938, 948750.0
4.39349713061, 305.552336322, 951250.0
27.136494254, 77.7481614575, 953750.0
15.4470563223, 71.4230820618, 956250.0
12.0444330442, 94.348023928, 958750.0
12.8264343268, 129.841074597, 961250.0
23.6992257108, 287.141099201, 963750.0
23.1584305569, 139.435579329, 966250.0
14.4278651879, 217.521245412, 968750.0
9.83710813965, 83.6868109065, 971250.0
6.6889550364, 272.319737667, 973750.0
41.8394580758, 350.35631887, 976250.0
28.8525998099, 361.359523525, 978750.0
18.6770605648, 167.582713348, 981250.0
27.7827202329, 291.785909472, 983750.0
13.0419868082, 326.073650833, 986250.0
20.3733877947, 75.1538306253, 988750.0
33.0798372325, 42.5016666872, 991250.0
23.2889163967, 11.3662331658, 993750.0
22.1203389019, 337.030380856, 996250.0
6.21953683812, 289.01138248, 998750.0
14.0878428173, 54.5067362848, 1001250.0
37.8456373239, 225.745531952, 1003750.0
5.08340396472, 254.568155641, 1006250.0
13.3529151435, 36.4293472432, 1008750.0
26.6886255071, 126.842123043, 1011250.0
23.2033861487, 309.526972758, 1013750.0
31.2731673727, 261.886545232, 1016250.0
9.19384355993, 169.10278788, 1018750.0
4.87219680981, 99.4220301548, 1021250.0
10.2340267563, 109.264166642, 1023750.0
31.0921921255, 295.606990561, 1026250.0
9.63331447027, 302.728984825, 1028750.0
3.34209116244, 361.402509554, 1031250.0
13.2745629576, 347.999372359, 1033750.0
18.9780910111, 101.280157485, 1036250.0
18.6085503448, 233.737642912, 1038750.0
13.736951215, 218.309121275, 1041250.0
22.0175525657, 254.358050331, 1043750.0
21.8953875488, 318.590915847, 1046250.0
34.827411876, 177.979467933, 1048750.0
13.6865019878, 86.5352600315, 1051250.0
8.68273919877, 18.6213656613, 1053750.0
27.1727090224, 337.236161697, 1056250.0
13.902515582, 181.730207791, 1058750.0
20.8360877456, 163.298625304, 1061250.0
16.877995077, 358.548749855, 1063750.0
14.3170037081, 155.933771108, 1066250.0
9.33482906571, 337.060204117, 1068750.0
41.0758601326, 88.7971607943, 1071250.0
9.0435199239, 252.805442102, 1073750.0
11.7912348216, 63.6072306451, 1076250.0
19.759815424, 325.695022369, 1078750.0
8.00802260841, 164.905708629, 1081250.0
24.3913326662, 194.170336312, 1083750.0
17.0165782641, 317.455310228, 1086250.0
18.2504247676, 66.1424119524, 1088750.0
35.0388113457, 60.119602964, 1091250.0
36.6053980215, 273.966450413, 1093750.0
24.5057824888, 296.918733591, 1096250.0
9.56296808469, 241.879987953, 1098750.0
30.751478318, 24.68583472, 1101250.0
44.7762809541, 83.9502386898, 1103750.0
16.4276893793, 326.893483918, 1106250.0
17.0945753144, 51.6972608757, 1108750.0
39.2101023158, 211.396060055, 1111250.0
27.5747608525, 165.97205734, 1113750.0
11.470413712, 298.533757215, 1116250.0
21.2226417268, 62.5257868154, 1118750.0
18.3066927691, 311.766002481, 1121250.0
13.5249060517, 50.6195141636, 1123750.0
28.0586060302, 242.544681001, 1126250.0
27.0667424508, 359.112113379, 1128750.0
9.4009522932, 174.004093767, 1131250.0
10.203008281, 103.901530131, 1133750.0
40.106698664, 337.559040722, 1136250.0
5.32837122203, 207.693194184, 1138750.0
8.31563373343, 333.118086338, 1141250.0
25.3953909086, 131.11245705, 1143750.0
17.9347580946, 311.431496887, 1146250.0
29.9389618486, 43.808425352, 1148750.0
35.0709649501, 283.102719767, 1151250.0
42.527355046, 137.087836038, 1153750.0
39.690675978, 290.164719026, 1156250.0
8.64293968653, 47.2023232169, 1158750.0
17.6608821365, 252.478049903, 1161250.0
23.812425517, 187.618003484, 1163750.0
21.7502842726, 234.674780804, 1166250.0
15.7477354299, 219.426155995, 1168750.0
17.6279942892, 63.2962018261, 1171250.0
29.9051623967, 258.082454956, 1173750.0
8.9689159935, 170.104578605, 1176250.0
14.8679987264, 29.4591212857, 1178750.0
30.0359394098, 259.130455746, 1181250.0
8.14316224359, 15.1884631773, 1183750.0
19.1504570137, 173.766415372, 1186250.0
17.2166297799, 85.3142265284, 1188750.0
17.4571408866, 114.014556607, 1191250.0
24.613542996, 32.0342571549, 1193750.0
6.96097306554, 342.40327376, 1196250.0
16.734067921, 306.361768116, 1198750.0
6.81332339338, 26.8773460893, 1201250.0
10.658692469, 28.4672523607, 1203750.0
24.8823127972, 269.612376853, 1206250.0
14.0247933564, 108.378002338, 1208750.0
13.9626066532, 122.839221489, 1211250.0
18.0876400748, 56.4533380878, 1213750.0
7.5558248031, 116.742614309, 1216250.0
24.345553285, 251.293096809, 1218750.0
17.3177621283, 333.852983607, 1221250.0
9.72458415896, 105.708842087, 1223750.0
17.4193045866, 235.078818476, 1226250.0
14.4643715974, 285.904288738, 1228750.0
18.5876511528, 65.4764285337, 1231250.0
27.0286740027, 38.083808542, 1233750.0
16.625556143, 149.933843022, 1236250.0
20.1096682652, 249.088593872, 1238750.0
22.8392164532, 269.145489827, 1241250.0
12.9820245896, 48.0109657475, 1243750.0
16.9827906784, 197.692325003, 1246250.0
14.1993060362, 270.528166179, 1248750.0
26.3721036871, 146.770994745, 1251250.0
22.4732117171, 102.760674675, 1253750.0
16.4078538759, 130.373570645, 1256250.0
11.3858197744, 192.565290458, 1258750.0
9.85875412197, 38.5016780833, 1261250.0
21.8133985664, 81.8600083531, 1263750.0
21.8606826831, 94.166299788, 1266250.0
29.4712160595, 119.72066531, 1268750.0
5.81460165649, 145.073334383, 1271250.0
25.381282756, 113.748276036, 1273750.0
15.694603101, 72.2935669648, 1276250.0
11.4776161219, 54.2368929756, 1278750.0
13.302058075, 79.0999979491, 1281250.0
27.490656748, 125.621979731, 1283750.0
19.6781797863, 276.366293695, 1286250.0
23.4324753607, 67.5300623954, 1288750.0
23.3296434988, 358.986953502, 1291250.0
18.4293071029, 177.454576689, 1293750.0
20.5318810691, 52.7282739771, 1296250.0
5.7512157061, 336.772992418, 1298750.0
29.1655622872, 244.982254147, 1301250.0
24.957870732, 336.749428276, 1303750.0
25.749576254, 350.375392932, 1306250.0
10.4233903442, 82.7111035869, 1308750.0
24.8186989078, 55.9332837611, 1311250.0
7.76117168871, 336.008715709, 1313750.0
42.598206007, 345.845290452, 1316250.0
12.5425921199, 359.928142501, 1318750.0
8.27803150001, 37.6354787727, 1321250.0
15.5355643893, 88.7211469461, 1323750.0
28.3811588446, 123.92058354, 1326250.0
13.2925842386, 156.075176341, 1328750.0
5.76945187359, 83.9478864344, 1331250.0
16.4618576663, 260.526732112, 1333750.0
16.5732195386, 31.097453526, 1336250.0
41.5418807851, 88.8880250833, 1338750.0
31.6324726216, 92.244352038, 1341250.0
14.0809362066, 29.9707886958, 1343750.0
29.7162404331, 286.046998889, 1346250.0
22.9388242327, 279.567112979, 1348750.0
10.8436377875, 84.6310873434, 1351250.0
11.2415169819, 120.864126246, 1353750.0
14.5490573884, 140.516309592, 1356250.0
18.4864489423, 174.445205679, 1358750.0
34.3089062724, 37.1454183324, 1361250.0
24.3024447462, 245.312680115, 1363750.0
17.1444902915, 321.694662023, 1366250.0
11.7787117642, 242.783116358, 1368750.0
29.7809623882, 272.165722471, 1371250.0
14.6192057136, 263.746717593, 1373750.0
18.7587984362, 113.585221506, 1376250.0
18.2067711266, 199.321363862, 1378750.0
15.9341722828, 22.7034314584, 1381250.0
24.1156672315, 170.8598205, 1383750.0
16.8698437062, 97.0468244879, 1386250.0
5.21499369453, 172.275644749, 1388750.0
40.444161982, 204.982467722, 1391250.0
16.4618046336, 236.153922969, 1393750.0
6.0425742331, 286.197544138, 1396250.0
28.7263731231, 82.4165597057, 1398750.0
16.8399680916, 241.496335591, 1401250.0
19.6239643482, 330.034308855, 1403750.0
27.1628902869, 109.44645723, 1406250.0
13.4801852544, 195.536242611, 1408750.0
16.8035356609, 172.989465744, 1411250.0
37.078025767, 83.8450768467, 1413750.0
13.0223878766, 106.108045881, 1416250.0
23.5174047082, 235.416689718, 1418750.0
14.8645236812, 88.6931031633, 1421250.0
27.376240497, 155.86518848, 1423750.0
17.1249332602, 135.25729741, 1426250.0
18.219703177, 55.2984863012, 1428750.0
21.9941164667, 27.1559196194, 1431250.0
18.1557514258, 118.424834934, 1433750.0
5.56260876549, 308.81809602, 1436250.0
23.2892128939, 99.4240124766, 1438750.0
14.8409304217, 80.6149199565, 1441250.0
22.1984192382, 241.016400944, 1443750.0
19.6732473484, 71.3522213132, 1446250.0
27.6780883215, 282.839920978, 1448750.0
24.9923329956, 346.484423394, 1451250.0
18.4727946494, 277.669033553, 1453750.0
11.1692078908, 61.8919069981, 1456250.0
28.0968138486, 232.947800589, 1458750.0
12.4055140125, 143.533004072, 1461250.0
35.6172756559, 63.8988549188, 1463750.0
20.945922991, 207.114481659, 1466250.0
25.4165004731, 330.452407869, 1468750.0
13.4829431625, 360.351633456, 1471250.0
31.0199087877, 328.85303981, 1473750.0
13.2123314557, 31.0771794186, 1476250.0
11.3520558541, 14.1658171848, 1478750.0
16.7156235141, 317.411477403, 1481250.0
23.9207713085, 286.693488833, 1483750.0
20.4062477224, 336.051777024, 1486250.0
11.6764016573, 276.589598921, 1488750.0
8.34939899175, 286.776093764, 1491250.0
13.7453477874, 273.205256786, 1493750.0
23.8715384926, 13.9274486473, 1496250.0
19.2791301928, 249.804090459, 1498750.0
21.2683086454, 133.484131293, 1501250.0
4.58170597189, 345.995659488, 1503750.0
15.6463694195, 311.208331629, 1506250.0
28.2891105098, 24.4847868267, 1508750.0
12.3740858555, 254.522174143, 1511250.0
14.3689188424, 287.643471586, 1513750.0
12.6099418716, 349.306431261, 1516250.0
19.8125899641, 214.45757437, 1518750.0
14.4370288265, 124.060666924, 1521250.0
24.4985585331, 292.946387768, 1523750.0
17.4530110996, 57.6555155762, 1526250.0
16.3495488205, 181.457006313, 1528750.0
34.9751012541, 112.696252412, 1531250.0
9.66043829654, 149.937659232, 1533750.0
3.5818125652, 119.569649034, 1536250.0
10.2819151685, 60.4116731142, 1538750.0
13.1652554298, 312.273322985, 1541250.0
11.7658725789, 127.757858206, 1543750.0
35.0840997946, 260.047094333, 1546250.0
26.7255000041, 313.451358542, 1548750.0
15.1313580931, 108.583965804, 1551250.0
23.7054617553, 164.842048971, 1553750.0
24.9068617285, 77.7187943461, 1556250.0
7.96638428911, 263.291583543, 1558750.0
32.6437138406, 306.865261808, 1561250.0
21.5546790215, 17.2610323662, 1563750.0
22.4081018657, 350.468584984, 1566250.0
28.3646401322, 116.689153265, 1568750.0
25.3252771115, 86.185277222, 1571250.0
37.3464272729, 231.309262547, 1573750.0
5.33814661818, 45.9838717703, 1576250.0
32.0807608386, 117.00426023, 1578750.0
28.1767587898, 289.255472866, 1581250.0
21.5464237292, 78.8964649003, 1583750.0
13.9743186055, 85.8341231339, 1586250.0
25.7312843068, 151.020461156, 1588750.0
38.3749191681, 133.418052313, 1591250.0
18.1304274585, 37.2300283508, 1593750.0
26.9946968047, 37.7785985551, 1596250.0
5.76792428598, 127.302665801, 1598750.0
24.1316251143, 118.428707032, 1601250.0
12.3315189802, 311.938623096, 1603750.0
31.9123808742, 263.734251215, 1606250.0
14.8729577251, 327.759362198, 1608750.0
40.5921317628, 27.6652221992, 1611250.0
10.3708037303, 122.853500961, 1613750.0
18.139874489, 243.515767067, 1616250.0
10.5647897968, 115.861611981, 1618750.0
29.2635652392, 132.670414564, 1621250.0
44.55419606, 142.449183823, 1623750.0
20.1043365926, 109.802335473, 1626250.0
20.6288788358, 328.743375724, 1628750.0
22.5236496546, 14.7047193071, 1631250.0
28.4990455917, 348.465703293, 1633750.0
24.1287141843, 136.231312535, 1636250.0
19.8635452851, 18.9064283588, 1638750.0
17.2048938491, 226.884498206, 1641250.0
31.7764892364, 88.8825347614, 1643750.0
14.9205391303, 28.2977480313, 1646250.0
16.83352941, 327.368003199, 1648750.0
15.3755829598, 219.478694794, 1651250.0
10.2316324682, 332.560225876, 1653750.0
18.6108208128, 26.8154453626, 1656250.0
13.3739506332, 281.811932193, 1658750.0
6.59131187716, 23.1433178473, 1661250.0
14.8111518543, 134.311458474, 1663750.0
6.04069667752, 102.551641524, 1666250.0
18.8009268711, 282.479210914, 1668750.0
31.4975357702, 262.915379743, 1671250.0
9.07283708422, 198.21653794, 1673750.0
6.4286138061, 172.436120428, 1676250.0
14.6820807762, 313.321502455, 1678750.0
25.2643411593, 293.627151603, 1681250.0
27.3378626359, 203.190086917, 1683750.0
11.9824173235, 15.8934934603, 1686250.0
8.62646420413, 216.97177466, 1688750.0
15.1246313973, 102.131214911, 1691250.0
11.6558394948, 314.587818519, 1693750.0
29.8655179618, 133.337033799, 1696250.0
16.1016421293, 152.111472797, 1698750.0
10.0273144592, 330.975376132, 1701250.0
11.8116379756, 209.740563419, 1703750.0
13.5421640167, 295.385644314, 1706250.0
24.0377395544, 279.883016194, 1708750.0
10.6604379984, 222.825051868, 1711250.0
12.1532297747, 85.610181845, 1713750.0
13.3480403644, 28.233537541, 1716250.0
42.7125546982, 297.677416173, 1718750.0
19.6309270203, 152.87688906, 1721250.0
32.6569411801, 91.4575180875, 1723750.0
30.7797056843, 197.116187631, 1726250.0
19.0993741627, 73.0362495254, 1728750.0
36.786759321, 320.565953229, 1731250.0
27.8282713524, 267.159883898, 1733750.0
41.5195085932, 304.679568696, 1736250.0
9.43589362719, 197.382844382, 1738750.0
14.9568187209, 356.266630134, 1741250.0
7.28489962007, 239.904714935, 1743750.0
19.2919782792, 24.0931697541, 1746250.0
28.2813338333, 55.8145640669, 1748750.0
17.4882657509, 57.4723273176, 1751250.0
19.926359889, 351.08905785, 1753750.0
12.7456631931, 216.59660028, 1756250.0
8.00672194532, 102.356958445, 1758750.0
14.4940735908, 210.088431089, 1761250.0
15.2328460194, 30.9735663491, 1763750.0
14.300185048, 65.3563694018, 1766250.0
18.3965430942, 335.93273786, 1768750.0
27.9337342793, 248.174150888, 1771250.0
20.414390861, 85.5320268034, 1773750.0
21.3667426645, 139.184946763, 1776250.0
8.9987044174, 357.136332842, 1778750.0
7.05636685464, 76.0043104263, 1781250.0
12.3187735345, 147.17660297, 1783750.0
18.4492195688, 51.6544508138, 1786250.0
13.2289494472, 171.56653262, 1788750.0
10.1983763123, 254.766897962, 1791250.0
28.3639553008, 291.032764389, 1793750.0
3.44437083245, 174.115160741, 1796250.0
11.9707864108, 334.911910961, 1798750.0
13.90890695, 220.660734445, 1801250.0
23.3347601974, 349.594846786, 1803750.0
16.7372505755, 327.971114661, 1806250.0
2.46807780456, 182.487198837, 1808750.0
11.6786811464, 361.27395329, 1811250.0
24.1589319585, 323.059789086, 1813750.0
24.8639361551, 80.410874458, 1816250.0
29.5633545626, 339.880460204, 1818750.0
19.952680055, 157.307345825, 1821250.0
16.4779619769, 179.268847606, 1823750.0
12.0678894442, 205.86939729, 1826250.0
18.287103732, 89.199147105, 1828750.0
5.70574725432, 37.1051669852, 1831250.0
18.9759757535, 140.107572505, 1833750.0
11.9805583209, 127.419631742, 1836250.0
12.762754345, 162.565106102, 1838750.0
25.0679740542, 139.11694135, 1841250.0
7.89346241088, 28.15450102, 1843750.0
14.5757679706, 271.32305418, 1846250.0
8.38383978197, 277.88837989, 1848750.0
15.483165594, 158.115567629, 1851250.0
20.0186419345, 40.8292285518, 1853750.0
12.2536684308, 312.370289906, 1856250.0
26.3641417924, 18.8825318438, 1858750.0
13.3446938316, 141.185429762, 1861250.0
14.5282281818, 20.862387815, 1863750.0
9.00149876551, 276.128183889, 1866250.0
21.4696449785, 278.956092778, 1868750.0
31.0869903462, 317.361168972, 1871250.0
14.7702253819, 120.130495924, 1873750.0
7.97344236478, 278.919060371, 1876250.0
12.8103170522, 220.226063044, 1878750.0
11.4918748371, 340.687151727, 1881250.0
33.9120527208, 51.5722933216, 1883750.0
19.9781505996, 14.2345643556, 1886250.0
12.5701430012, 344.846117207, 1888750.0
10.7203404996, 244.907114381, 1891250.0
13.0154769268, 343.47729015, 1893750.0
13.2120657755, 282.8600515, 1896250.0
20.5363705461, 239.126043935, 1898750.0
15.7292654726, 339.733180907, 1901250.0
20.222992795, 33.2269967734, 1903750.0
18.854696993, 355.847329843, 1906250.0
12.1882959658, 131.075201007, 1908750.0
26.3072090314, 203.881621977, 1911250.0
17.3328112908, 139.535138251, 1913750.0
25.7695860367, 193.931602772, 1916250.0
8.1007337413, 358.443555054, 1918750.0
21.2924011584, 281.699212229, 1921250.0
15.9927694152, 290.320951441, 1923750.0
12.0276526346, 269.401103306, 1926250.0
30.5243154079, 81.6567487479, 1928750.0
30.7351724516, 149.846851571, 1931250.0
13.5435871252, 63.6459831898, 1933750.0
32.8523990552, 171.303737365, 1936250.0
17.6305355169, 286.092574043, 1938750.0
10.9696465344, 46.2988317818, 1941250.0
22.2237667039, 282.991443621, 1943750.0
49.9702170437, 261.492323007, 1946250.0
12.7498146956, 86.7904148125, 1948750.0
25.8997707254, 303.887729586, 1951250.0
17.5887972921, 351.697564623, 1953750.0
33.9043728407, 240.258076214, 1956250.0
17.2229432915, 278.229801131, 1958750.0
18.1458364015, 291.469773415, 1961250.0
15.397784084, 40.0592345966, 1963750.0
18.034916369, 55.6226004655, 1966250.0
11.0058416695, 129.504794291, 1968750.0
27.5365844796, 229.033148967, 1971250.0
32.1604006367, 287.30095468, 1973750.0
20.6366385522, 94.1308876597, 1976250.0
10.5808651089, 335.993007377, 1978750.0
15.2088628835, 36.7549870859, 1981250.0
17.8892231303, 356.210642593, 1983750.0
22.7431309293, 296.288075673, 1986250.0
14.5581134514, 77.8055096413, 1988750.0
14.9517519845, 219.674053468, 1991250.0
6.54589523711, 307.39598298, 1993750.0
27.028061983, 331.366877893, 1996250.0
8.78558694842, 12.8091947329, 1998750.0
19.0559576485, 130.116519923, 2001250.0
16.363487622, 44.6042319816, 2003750.0
8.11716196568, 233.568043407, 2006250.0
24.1584886791, 84.1572119326, 2008750.0
31.5397521473, 156.160419052, 2011250.0
16.8536012156, 222.44759682, 2013750.0
8.53038461388, 302.588706324, 2016250.0
16.2378704079, 281.431273573, 2018750.0
21.8987975385, 251.748866346, 2021250.0
10.5745726265, 102.423231145, 2023750.0
3.25278160056, 94.2913787907, 2026250.0
20.8428586445, 37.9084926953, 2028750.0
24.8461177216, 176.563948277, 2031250.0
27.4884593417, 258.893269172, 2033750.0
5.69486959288, 14.8888806039, 2036250.0
14.0206355725, 264.028464038, 2038750.0
29.8503989735, 248.117349345, 2041250.0
12.6507179805, 195.519445929, 2043750.0
36.899984992, 124.554998574, 2046250.0
30.9854452057, 90.4741087342, 2048750.0
25.2141953947, 178.177801446, 2051250.0
10.4317012431, 273.479863207, 2053750.0
7.01318992487, 244.530256191, 2056250.0
19.318405402, 341.697773354, 2058750.0
30.1651542418, 49.8206028363, 2061250.0
29.6917633247, 188.189321527, 2063750.0
43.1247218257, 318.708497385, 2066250.0
20.8379586852, 267.359350964, 2068750.0
15.1508015861, 286.348644905, 2071250.0
17.4843787064, 52.2525287615, 2073750.0
19.2107329244, 309.440301187, 2076250.0
42.8978190176, 176.036137261, 2078750.0
9.30958828573, 176.519022172, 2081250.0
22.3172128127, 209.907325176, 2083750.0
17.2189279173, 182.806854483, 2086250.0
8.1740158744, 68.0810428807, 2088750.0
17.0086831748, 55.545404983, 2091250.0
11.7529420297, 258.732178964, 2093750.0
48.9135617484, 196.406019125, 2096250.0
30.6069492563, 288.065042025, 2098750.0
14.6393542815, 122.723733968, 2101250.0
12.7976181457, 30.4933600673, 2103750.0
16.413493291, 170.947072162, 2106250.0
31.1850860078, 54.341880331, 2108750.0
39.7729181072, 116.184616344, 2111250.0
26.7167396698, 229.816206159, 2113750.0
21.4482545249, 262.215542093, 2116250.0
43.7431219558, 39.8592281227, 2118750.0
22.0622482181, 284.276185192, 2121250.0
41.5637666295, 303.930637536, 2123750.0
28.5614270302, 298.284121687, 2126250.0
23.0663260409, 227.088734877, 2128750.0
16.9765067754, 190.987920426, 2131250.0
39.0068028128, 43.6370502317, 2133750.0
17.3524812303, 67.9554186347, 2136250.0
26.5188016836, 194.384292844, 2138750.0
29.0856866604, 329.967491405, 2141250.0
4.03648238563, 235.812328144, 2143750.0
30.4785941412, 123.386204208, 2146250.0
29.5119822198, 356.758184199, 2148750.0
33.005440213, 49.7253027952, 2151250.0
25.6684389816, 189.868828921, 2153750.0
24.4539454128, 350.389156256, 2156250.0
18.7798092372, 160.65444852, 2158750.0
24.9337317242, 172.501463979, 2161250.0
7.1941107121, 196.593611904, 2163750.0
3.40539370043, 209.38394835, 2166250.0
27.6905232367, 35.045827959, 2168750.0
15.0101362436, 155.058052971, 2171250.0
16.5177451955, 193.093066133, 2173750.0
20.334315427, 107.62041016, 2176250.0
11.0019739087, 86.1440310564, 2178750.0
35.3027000123, 32.4537865897, 2181250.0
12.8680794276, 98.2292404831, 2183750.0
25.7566560701, 176.134314993, 2186250.0
33.3885398097, 83.9949677878, 2188750.0
43.3355259558, 131.558970602, 2191250.0
15.541804254, 41.0054851363, 2193750.0
19.4766943032, 173.116271131, 2196250.0
22.8729156606, 112.451836063, 2198750.0
10.9288503161, 239.34318423, 2201250.0
41.2856123226, 29.8347255974, 2203750.0
11.3659396871, 248.045025381, 2206250.0
5.078633655, 190.476656811, 2208750.0
49.969054145, 102.808434089, 2211250.0
32.6077550531, 276.22790234, 2213750.0
27.9409290752, 290.030356258, 2216250.0
11.4906384404, 55.0682294285, 2218750.0
21.0338256804, 47.323976984, 2221250.0
8.21258350886, 30.6603769399, 2223750.0
36.4638422187, 59.3667960891, 2226250.0
23.6791012248, 140.685455083, 2228750.0
17.6020353944, 352.603228319, 2231250.0
9.95009549219, 103.297996874, 2233750.0
19.454789034, 61.6485544243, 2236250.0
17.3110772776, 176.438805578, 2238750.0
26.4003713598, 114.202565428, 2241250.0
19.2203214647, 116.793948215, 2243750.0
11.9982728799, 128.396291388, 2246250.0
19.9246083537, 332.605329263, 2248750.0
25.5932421197, 221.215108277, 2251250.0
25.359624199, 351.012595413, 2253750.0
7.31079588091, 35.458861158, 2256250.0
10.5534615344, 142.536637999, 2258750.0
10.1428328831, 235.503672868, 2261250.0
9.78721785409, 201.913892449, 2263750.0
19.3160283757, 237.555012253, 2266250.0
17.9327179022, 214.471889019, 2268750.0
21.6933695821, 225.183057469, 2271250.0
36.7229441033, 155.402513405, 2273750.0
16.1241845707, 347.542946541, 2276250.0
14.7012607911, 329.225359512, 2278750.0
12.4141589132, 142.639026367, 2281250.0
22.7779003511, 179.212125211, 2283750.0
41.9195992846, 42.2984862302, 2286250.0
5.36943358867, 262.944443987, 2288750.0
20.9152242189, 145.597708574, 2291250.0
11.092257844, 262.046406464, 2293750.0
26.8153888195, 361.786797239, 2296250.0
24.846137058, 123.36235224, 2298750.0
22.1923582484, 197.43960105, 2301250.0
20.5589927469, 335.111936914, 2303750.0
9.85104346114, 11.0687788001, 2306250.0
31.0089466081, 29.2749511125, 2308750.0
36.9663292524, 179.845272558, 2311250.0
20.3297973128, 330.515718798, 2313750.0
27.2490878285, 211.070079949, 2316250.0
19.2060018635, 48.5740651151, 2318750.0
13.2717671676, 30.8673283204, 2321250.0
16.4971090525, 320.240214266, 2323750.0
25.4196078122, 293.985988081, 2326250.0
13.1668897573, 183.869584567, 2328750.0
15.9300276878, 84.5225612491, 2331250.0
13.7140456435, 54.6111971361, 2333750.0
20.3975032936, 152.915327806, 2336250.0
8.5133645302, 175.531408265, 2338750.0
34.2652745316, 322.941857011, 2341250.0
14.2007125913, 173.146218663, 2343750.0
13.9935644009, 325.889253981, 2346250.0
31.079329564, 288.719817876, 2348750.0
16.3466125514, 95.3826205614, 2351250.0
15.3262340943, 329.789208116, 2353750.0
21.2880074442, 163.829582606, 2356250.0
39.1704236489, 348.959588491, 2358750.0
18.7027275337, 271.993755013, 2361250.0
7.45592905529, 156.459896505, 2363750.0
10.3111113186, 279.799839309, 2366250.0
14.0678096969, 231.701099147, 2368750.0
33.169359987, 142.092578371, 2371250.0
7.66332956207, 122.63173292, 2373750.0
12.1395435092, 216.071754816, 2376250.0
13.7316255396, 214.820990514, 2378750.0
11.9703544397, 159.761284735, 2381250.0
12.5666681727, 71.715911065, 2383750.0
26.6349470843, 164.220941275, 2386250.0
24.4308395091, 150.601204836, 2388750.0
12.7435409997, 26.7385434599, 2391250.0
7.33564323943, 284.421383375, 2393750.0
24.2139810525, 246.692439242, 2396250.0
39.9806630728, 82.5522601032, 2398750.0
12.5269107469, 104.155444512, 2401250.0
23.5712671618, 82.1020185305, 2403750.0
26.2264099272, 78.1202963979, 2406250.0
41.361997657, 255.550500561, 2408750.0
17.2369378984, 125.81084858, 2411250.0
17.8106885463, 193.204327566, 2413750.0
31.9218862067, 106.439983637, 2416250.0
16.8265215853, 335.445755735, 2418750.0
23.865221444, 107.298081721, 2421250.0
3.05525925054, 160.575331043, 2423750.0
44.8091900502, 219.139969688, 2426250.0
14.3594240942, 88.9056613278, 2428750.0
24.3064940458, 250.257531164, 2431250.0
6.5813433489, 17.8256092493, 2433750.0
15.366080959, 200.165530874, 2436250.0
26.0556284078, 334.324400328, 2438750.0
14.5496993113, 362.445230181, 2441250.0
6.69088162843, 241.28434182, 2443750.0
25.5151143343, 37.1292388097, 2446250.0
8.1057336702, 353.820219757, 2448750.0
26.1039209636, 209.470796299, 2451250.0
46.3170099575, 14.0943432224, 2453750.0
9.00025862539, 66.7603813345, 2456250.0
11.8047931665, 176.052329112, 2458750.0
25.2598397813, 188.511300415, 2461250.0
17.0849457443, 188.735613857, 2463750.0
11.2401750803, 360.039418647, 2466250.0
12.5306412715, 360.598043304, 2468750.0
13.3442482249, 315.632726365, 2471250.0
24.4324935416, 200.880482217, 2473750.0
22.9143190483, 94.475484692, 2476250.0
28.204663487, 161.36153978, 2478750.0
15.1307206856, 123.16198586, 2481250.0
21.8505795548, 353.036733537, 2483750.0
11.1262347578, 149.534779031, 2486250.0
33.54443264, 287.407503549, 2488750.0
11.2102935437, 321.025480293, 2491250.0
18.331976805, 18.4546934902, 2493750.0
11.952809192, 310.188568587, 2496250.0
23.5117401029, 212.601252573, 2498750.0
